poly_degree   lambda  R2train  R2test
1 0 0.030277168115970254 0.03268411410236405
1 1e-06 0.030277168115970143 0.0326841142142037
1 1e-05 0.030277168115969255 0.03268411522075687
1 0.0001 0.0302771681158569 0.03268412528614362
1 0.001 0.03027716810463943 0.0326842259253467
1 0.01 0.03027716698329208 0.03268523085154873
1 0.1 0.030277055258180918 0.03269513407930669
1 1.0 0.030266280410629842 0.03278009574162777
2 0 0.49018503392914303 0.5060286333844695
2 1e-06 0.4901850339291066 0.5060286464225678
2 1e-05 0.49018503392550117 0.5060287637599323
2 0.0001 0.4901850335650324 0.5060299365835474
2 0.001 0.4901849975908842 0.5060416099343031
2 0.01 0.49018147174265325 0.5061529614589673
2 0.1 0.48989013527970016 0.5068199546217862
2 1.0 0.48202507559914953 0.5017472907921612
3 0 0.7058204935413073 0.7020277481704154
3 1e-06 0.7058204935361527 0.7020276442833994
3 1e-05 0.7058204930263956 0.7020267092402799
3 0.0001 0.705820442568593 0.7020173531785683
3 0.001 0.70581587381116 0.7019235335567122
3 0.01 0.7056078447243972 0.7010853148430268
3 0.1 0.7041832698883224 0.6980104076715667
3 1.0 0.694359463286564 0.6852594257112157
4 0 0.8228011582946039 0.7964092443957738
4 1e-06 0.8228011582900092 0.7964090851387067
4 1e-05 0.822801157857371 0.796407688291811
4 0.0001 0.8228011297803454 0.7963964911168613
4 0.001 0.8228006290783606 0.7963553989974606
4 0.01 0.8227817592283454 0.7961980112878082
4 0.1 0.8221981337208591 0.7945886727917655
4 1.0 0.8181396809735404 0.7851848855670118
5 0 0.8888834146574214 0.8515136383001686
5 1e-06 0.8888827004979934 0.851541831328172
5 1e-05 0.8888692903744242 0.8516303204078641
5 0.0001 0.8888447827482985 0.8516927922565072
5 0.001 0.8887630913836163 0.8512985967632997
5 0.01 0.8882754136297883 0.8498661192194567
5 0.1 0.8877742216233503 0.8490398756787864
5 1.0 0.8866435327287453 0.845767748880921
6 0 0.9266477112874123 0.8821565393437513
6 1e-06 0.9266062119047757 0.8818128830333849
6 1e-05 0.9265905977245404 0.8817075897048382
6 0.0001 0.926559453252207 0.8814717076688575
6 0.001 0.9263918229013974 0.8807629838073943
6 0.01 0.9258452996191768 0.879280045683026
6 0.1 0.9246329499251067 0.8768627748724248
6 1.0 0.9220827768031218 0.8723400091420673
7 0 0.9511980268443031 0.8942759254094585
7 1e-06 0.951134171427477 0.8934610648561709
7 1e-05 0.9510010970761639 0.8924719575373534
7 0.0001 0.9508770579094735 0.8916354165327434
7 0.001 0.9507353217655935 0.8906986938895133
7 0.01 0.9505094623997645 0.889541744575282
7 0.1 0.9496547502419008 0.8873189341668781
7 1.0 0.9460385743111159 0.882204609274836
8 0 0.9656704768961694 0.8981899345971017
8 1e-06 0.9656680067995234 0.8981500725847132
8 1e-05 0.9656323121982047 0.897886703532034
8 0.0001 0.9655224372629888 0.8969446330630936
8 0.001 0.9653427821689889 0.895649971008909
8 0.01 0.9650025457331984 0.8939597747521966
8 0.1 0.9644186624278482 0.8915633300048605
8 1.0 0.961031712377708 0.8852522169316351
9 0 0.9751136769187926 0.9027020206225722
9 1e-06 0.9750598798328344 0.9022690128741725
9 1e-05 0.9750130323620809 0.9020342966015594
9 0.0001 0.9749668456504706 0.9018038743650769
9 0.001 0.9748877426371378 0.9010121376749847
9 0.01 0.9747690715471113 0.899910448731235
9 0.1 0.9743133704490278 0.8977930160094877
9 1.0 0.9708521295920607 0.8904735484993955
10 0 0.9823838738090608 0.9088148426118589
10 1e-06 0.9824060149183169 0.9089696124658598
10 1e-05 0.9823552601061273 0.9087421848934877
10 0.0001 0.9822850195094001 0.9084526650914081
10 0.001 0.9821743462437638 0.9080767266142481
10 0.01 0.9820236568937805 0.9074181743565746
10 0.1 0.9815870335869934 0.9058269769466438
10 1.0 0.978532682888336 0.8995810147820786
11 0 0.9858325025368554 0.9150715236180221
11 1e-06 0.9858543431380613 0.9151502657715874
11 1e-05 0.9858274990616035 0.9154856642007314
11 0.0001 0.9857553933545183 0.914352871479339
11 0.001 0.9856545389492775 0.9139542546001068
11 0.01 0.9855093027441759 0.9134684505480256
11 0.1 0.9850692910223724 0.9120849216657769
11 1.0 0.9827531516356912 0.9076731619256699
12 0 0.987895379604085 0.9209718818180934
12 1e-06 0.9878970742306069 0.9210719992676826
12 1e-05 0.9879264703853267 0.921078857292398
12 0.0001 0.9878550504448113 0.9211877390332587
12 0.001 0.9877527507950425 0.9199645074880727
12 0.01 0.987590805482323 0.9191763136693265
12 0.1 0.9871070520947854 0.9176833394036982
12 1.0 0.9849735182867854 0.9138928699923682
13 0 0.9898245526272164 0.9280383348095378
13 1e-06 0.989824627964119 0.9279418132165809
13 1e-05 0.9898252829118562 0.9282652901803589
13 0.0001 0.9897253251326397 0.9252519252723618
13 0.001 0.9897294141142178 0.9271661430784252
13 0.01 0.9895744525978388 0.9260749729280056
13 0.1 0.9888973958089057 0.9238158282458812
13 1.0 0.9865626234124243 0.9192883196846153
14 0 0.9907560081848468 0.9332287096287248
14 1e-06 0.990756037793741 0.933461383924381
14 1e-05 0.9907566889077002 0.9332521007220561
14 0.0001 0.9907627513201315 0.9336019517074617
14 0.001 0.9907447194688942 0.9330494792075116
14 0.01 0.9906168400652964 0.9317884654184183
14 0.1 0.9899658988869141 0.9290771076687043
14 1.0 0.9874803096983767 0.9235075286960659
15 0 0.9911967601807607 0.9369488603722298
15 1e-06 0.9911969132542394 0.9373184057423289
15 1e-05 0.9911976089318125 0.9371733881797815
15 0.0001 0.9911963550711822 0.9373242367174917
15 0.001 0.9908125815407632 0.9308855878236386
15 0.01 0.9911067322771294 0.9357110544480216
15 0.1 0.99065570618955 0.9335828498529298
15 1.0 0.9882673120390768 0.9282609767079282
16 0 0.9914319996099484 0.9396390278406668
16 1e-06 0.9914317276636595 0.9401183817880588
16 1e-05 0.9914322799468653 0.9397217391083971
16 0.0001 0.9914332399745799 0.9397807597456587
16 0.001 0.9914487299828458 0.9396719424317477
16 0.01 0.9910566497479298 0.9341738042559784
16 0.1 0.9910887650873952 0.9373911547476652
16 1.0 0.9889449510575438 0.9327034316946534
17 0 0.9916411109849051 0.941332301171637
17 1e-06 0.9916432218366079 0.9413540079679439
17 1e-05 0.9916407340956328 0.941501398419912
17 0.0001 0.991642421850712 0.9414711795084068
17 0.001 0.9916442294298514 0.9412426827531593
17 0.01 0.9917490150920613 0.9413166887876956
17 0.1 0.991374968375387 0.9413271802919603
17 1.0 0.9893780853600118 0.9361478491605046
18 0 0.9917367575330513 0.9423558852576195
18 1e-06 0.9917330692747689 0.9418109073376961
18 1e-05 0.9917333390444948 0.9418409895369045
18 0.0001 0.9917375332011668 0.9422665447752644
18 0.001 0.9917357110808998 0.942364810998242
18 0.01 0.9917936507302614 0.9425661169017729
18 0.1 0.9915180446194439 0.9456799032330605
18 1.0 0.989778782971848 0.9391381221425756
19 0 0.9913759840726133 0.9440353634959308
19 1e-06 0.9913792151438536 0.9442347356131091
19 1e-05 0.9913766193842645 0.944314106489552
19 0.0001 0.9913846491441978 0.9443712729227529
19 0.001 0.9913729633414653 0.9441808964973757
19 0.01 0.9914205450242373 0.9442352145591992
19 0.1 0.9916587631522532 0.9435657971293733
19 1.0 0.9899221924110073 0.9433772003471254
20 0 0.9902519935696752 0.9413370615788683
20 1e-06 0.9902613774841394 0.9412485713845438
20 1e-05 0.9902539896047707 0.9414774017112305
20 0.0001 0.9902644088695218 0.9413260543990396
20 0.001 0.9902758650246948 0.9413411224709909
20 0.01 0.9902532072971252 0.9413829904178685
20 0.1 0.9901648489182994 0.9411667037373999
20 1.0 0.9901509746446862 0.9405418425090939
21 0 0.9873789991916709 0.937223049260838
21 1e-06 0.987394523197232 0.9374668049126362
21 1e-05 0.9873873014364882 0.9374275303448258
21 0.0001 0.9873862689317061 0.9374869574923332
21 0.001 0.9873869923662616 0.9376985655576595
21 0.01 0.9873831609343722 0.9377959124353046
21 0.1 0.9874005232415322 0.9378003299598758
21 1.0 0.9877525049474117 0.9375526086493227
22 0 0.9861322131463476 0.9340551989265813
22 1e-06 0.9861155694106477 0.9337191405929632
22 1e-05 0.9861023353456531 0.9339273908600317
22 0.0001 0.986110453833384 0.9342180446398104
22 0.001 0.9860939465094415 0.9338991656972548
22 0.01 0.9860910920787412 0.9339437639898706
22 0.1 0.9860958934891705 0.9336540225813079
22 1.0 0.986114818202189 0.9339233402003084
23 0 0.9847118307237626 0.9323958468276461
23 1e-06 0.9846388357221757 0.9318912291056739
23 1e-05 0.9846894661840033 0.9328571068667847
23 0.0001 0.9846282872185299 0.9319774229599007
23 0.001 0.9846639707228422 0.9324016060608123
23 0.01 0.9846845399394967 0.9322470245059872
23 0.1 0.9847073076219091 0.9323040770793336
23 1.0 0.9846942598348579 0.9319367508179476
